0 0 0
0 1 0
0 0 0	0
-----	--
0 0 0
0 1 1
0 0 0	1
-----	--
0 0 0
0 1 0
0 1 0	2
-----	--
1 1 1
1 1 1
1 1 1	3
-----	--
0 1 0
1 1 1
0 1 0	4
-----	--
0 0 0
0 1 1
0 1 0	5
-----	--
0 0 0
0 0 1
0 1 0	6
-----	--
0 0 0
1 1 1
0 0 0	7
-----	--
0 0 0
1 0 1
0 0 0	8
-----	--
0 0 0
1 1 0
1 0 0	9
-----	--
0 1 1
0 1 0
0 0 0	10
-----	--
 1  0  0 
 1 -1  0 
 1  0  0	11 W	11
--------	----	--
 1  1  1 
 0 -1  0 
 0  0  0	11 N	12 
--------	----	--
 0  0  1 
 0 -1  1 
 0  0  1	11 E	13 
--------	----	--
 0  0  0 
 0 -1  0 
 1  1  1	11 S	14
--------	----	--
-1 -1 -1
 0  1  0 
 1  1  1	12 S	15
--------	----	--
 0 -1 -1 
 1  1 -1 
 1  1  0	12SW	16
--------	----	--
 1  0 -1 
 1  1 -1 
 1  0 -1	12 W	17
--------	----	--
 1  1  0 
 1  1 -1 
 0 -1 -1	12NW	18
--------	----	--
 1  1  1 
 0  1  0 
-1 -1 -1	12 N	19
--------	----	--
 0  1  1 
-1  1  1 
-1 -1  0	12NE	20
--------	----	--
-1  0  1
-1  1  1 
-1  0  1	12 E	21
--------	----	--
-1 -1  0
-1  1  1 
 0  1  1	12SE	22
 
 
 
+-------+----+
| 0 0 0 |    |
| 0 1 0 |    |
| 0 0 0 | 0  |
| ----- | -- |
| 0 0 0 |    |
| 0 1 1 |    |
| 0 0 0 | 1  |
| ----- | -- |
| 0 0 0 |    |
| 0 1 0 |    |
| 0 1 0 | 2  |
| ----- | -- |
| 1 1 1 |    |
| 1 1 1 |    |
| 1 1 1 | 3  |
| ----- | -- |
| 0 1 0 |    |
| 1 1 1 |    |
| 0 1 0 | 4  |
| ----- | -- |
| 0 0 0 |    |
| 0 1 1 |    |
| 0 1 0 | 5  |
| ----- | -- |
| 0 0 0 |    |
| 0 0 1 |    |
| 0 1 0 | 6  |
| ----- | -- |
| 0 0 0 |    |
| 1 1 1 |    |
| 0 0 0 | 7  |
| ----- | -- |
| 0 0 0 |    |
| 1 0 1 |    |
| 0 0 0 | 8  |
| ----- | -- |
| 0 0 0 |    |
| 1 1 0 |    |
| 1 0 0 | 9  |
| ----- | -- |
| 0 1 1 |    |
| 0 1 0 |    |
| 0 0 0 | 10 |
+-------+----+
 
+-----------+------+-----+
|  1  0  0  |      |     |
|  1 -1  0  |      |     |
|  1  0  0  | 11 W | 11  |
| --------  | ---- | --  |
|  1  1  1  |      |     |
|  0 -1  0  |      |     |
|  0  0  0  | 11 N | 12  |
| --------  | ---- | --  |
|  0  0  1  |      |     |
|  0 -1  1  |      |     |
|  0  0  1  | 11 E | 13  |
| --------  | ---- | --  |
|  0  0  0  |      |     |
|  0 -1  0  |      |     |
|  1  1  1  | 11 S | 14  |
| --------  | ---- | --  |
| -1 -1 -1  |      |     |
|  0  1  0  |      |     |
|  1  1  1  | 12 S | 15  |
| --------  | ---- | --  |
|  0 -1 -1  |      |     |
|  1  1 -1  |      |     |
|  1  1  0  | 12SW | 16  |
| --------  | ---- | --  |
|  1  0 -1  |      |     |
|  1  1 -1  |      |     |
|  1  0 -1  | 12 W | 17  |
| --------  | ---- | --  |
|  1  1  0  |      |     |
|  1  1 -1  |      |     |
|  0 -1 -1  | 12NW | 18  |
| --------  | ---- | --  |
|  1  1  1  |      |     |
|  0  1  0  |      |     |
| -1 -1 -1  | 12 N | 19  |
| --------  | ---- | --  |
|  0  1  1  |      |     |
| -1  1  1  |      |     |
| -1 -1  0  | 12NE | 20  |
| --------  | ---- | --  |
| -1  0  1  |      |     |
| -1  1  1  |      |     |
| -1  0  1  | 12 E | 21  |
| --------  | ---- | --  |
| -1 -1  0  |      |     |
| -1  1  1  |      |     |
|  0  1  1  | 12SE | 22  |
+-----------+------+-----+




| 0 0 0 |    |
| 0 1 0 |    |
| 0 0 0 | 0  |
| ----- | -- |
| 0 0 0 |    |
| 0 1 1 |    |
| 0 0 0 | 1  |
| ----- | -- |
| 0 0 0 |    |
| 0 1 0 |    |
| 0 1 0 | 2  |
| ----- | -- |
| 1 1 1 |    |
| 1 1 1 |    |
| 1 1 1 | 3  |
| ----- | -- |
| 0 1 0 |    |
| 1 1 1 |    |
| 0 1 0 | 4  |
| ----- | -- |
| 0 0 0 |    |
| 0 1 1 |    |
| 0 1 0 | 5  |
| ----- | -- |
| 0 0 0 |    |
| 0 0 1 |    |
| 0 1 0 | 6  |
| ----- | -- |
| 0 0 0 |    |
| 1 1 1 |    |
| 0 0 0 | 7  |
| ----- | -- |
| 0 0 0 |    |
| 1 0 1 |    |
| 0 0 0 | 8  |
| ----- | -- |
| 0 0 0 |    |
| 1 1 0 |    |
| 1 0 0 | 9  |
| ----- | -- |
| 0 1 1 |    |
| 0 1 0 |    |
| 0 0 0 | 10 |



|  1  0  0  |      |     |
|  1 -1  0  |      |     |
|  1  0  0  | 11 W | 11  |
| --------  | ---- | --  |
|  1  1  1  |      |     |
|  0 -1  0  |      |     |
|  0  0  0  | 11 N | 12  |
| --------  | ---- | --  |
|  0  0  1  |      |     |
|  0 -1  1  |      |     |
|  0  0  1  | 11 E | 13  |
| --------  | ---- | --  |
|  0  0  0  |      |     |
|  0 -1  0  |      |     |
|  1  1  1  | 11 S | 14  |
| --------  | ---- | --  |
| -1 -1 -1  |      |     |
|  0  1  0  |      |     |
|  1  1  1  | 12 S | 15  |
| --------  | ---- | --  |
|  0 -1 -1  |      |     |
|  1  1 -1  |      |     |
|  1  1  0  | 12SW | 16  |
| --------  | ---- | --  |
|  1  0 -1  |      |     |
|  1  1 -1  |      |     |
|  1  0 -1  | 12 W | 17  |
| --------  | ---- | --  |
|  1  1  0  |      |     |
|  1  1 -1  |      |     |
|  0 -1 -1  | 12NW | 18  |
| --------  | ---- | --  |
|  1  1  1  |      |     |
|  0  1  0  |      |     |
| -1 -1 -1  | 12 N | 19  |
| --------  | ---- | --  |
|  0  1  1  |      |     |
| -1  1  1  |      |     |
| -1 -1  0  | 12NE | 20  |
| --------  | ---- | --  |
| -1  0  1  |      |     |
| -1  1  1  |      |     |
| -1  0  1  | 12 E | 21  |
| --------  | ---- | --  |
| -1 -1  0  |      |     |
| -1  1  1  |      |     |
|  0  1  1  | 12SE | 22  |






